¹ 45444544,

8454854 ’ 545584 59 24
5445445445354 2137 C
br44414'45·720 4545444484 284
54544 164 44459 45 0⁸24
4557 17 4454455554 6012
54454454 24334414444'4144 2704
5444445444 44648 7 445444455445444 genera
5454454444 30.10 943. 4449
545445444544454 444, 4454444455544 217, 20
5454445484 5745 44544445444444455544445
545544 54445 4444
5435455444 5844 445 444 dora 48 648,
54354554444534445 95 44 494454 488 n
453554545544554585 394 445445 434 203 4,65.5
5455 5484344585 3942 44544544(54545945543 99 20
5455 4455544545 894 54544545454444454545 44
’544545 59. 14 4454454444 45444
548545 5845 4455445554444455444 48544
, 5855085455855454764 445445544554544 ,844
588545435555554544 176 (141444444 mons w oppia
(57 <1444 317413
buphthalmos 49, 27. 4454445454 64745844
(rm-⁴13. 4454454454 4944 4474
5555444545 ’45 44 444454 ,47 27. ⁶44
(44.4·,4444583 (46544674,
⁴ 44544445

 

