111 111 11111111, 11111. ,
111111111111111111111111111111111111111111111111
11111111, 1111111 11111111111111111111111111111111 1111111
Ρ11111111111211111111111111111111111111111 1
11111 11111111 11111,1111 11111111111111111111111111111 ³
φ8111111111111111111111111111111111111111111111111
Ε1111111Ε111111111111 1111111111 1111111111 ¹
1111111 11111111 1111111111 1111111111νί
111111111111111111111111 111111111111111111111
1111111111 1111111111 1111111111111111111 1111111111
111 1111111111 111111111111111 Τ111111 1111111111 1111
111111111111111111111111111 11111111111111111111111111
111111 1,1]111111111111111111111 111 111 111111 11111 111111
111- 111 1111111111 11111 11111111 ,12111111 1111111111

111111111111111111111111111111111111

1811111111111111111611111111.
Ρο11111111111111111111111111111111

1111111111111111111111 11111 1111111 describi 111111 1111111
,11111111111111111111111111111111116111111111111111
' 1111111111· 1111111111111111 11111111111111111111111
11111111111111111111111111111111111111111111111111111
111111111111111111111111111111111111111111111. 1111
1111111111111111111111111111111111711111111111111
1111111111 1111111 11111111 1111111111111111111111111111111 1111
111 1111111111111111111111,1111“1111111111111111111111
111111111111111111111111111111111111111111111111
· 11111111

 

