INDEX.

7717711777 7777777 fatam 77777.
771777777777717 7777, 77 7171771777 77117777 777
771777 777777 777777. 19
77177777771777 79777 7717777717 77777
77777777 77777 1711777777 77777
wag. 2.001 7711777117 279
7777777177 777. 317171771717717 777 77
7777777777 777 77777 79777
ruffi-215² 29710 saliua transmarina 77
wag. 7777 (77777. 8.
7777 197 77 77177777771771777 777
777117177777 77777 ’77
(7.7777 776 77 7777177177 77773

7777717711717 7717717717 7777777177 777777
17777777177777771777 7777777Δ 777
pant zo. 3 [7777777171 77777

S 777777. 7777

¹ 37771777777 777 77 [771177777777777 162
7777717777 777777777ρὶ7 7777177777717 ’11777777
7777777177 77777 7777171777 3¹51 77
707. 77 sandalorum 7777 777777
777777

315·¹- [7777117717 1777177 94

7077 &pag [1⁸8
7777777

 

