11 1111111111. 11111.

1111111111 111111 11111 311111 1113113111 1111111 11111111

» . 1111111111111313111111111113131111111111111

11111111111111111111111 111 11111 1111111111111

11113313 11111111311 11111111111111

”¹ 1 ..1111113131111131113111111311111

,1 ’131111111131111111111131111

«,111111,1111113111111“111111

ι’ [311311131131133111

’ «11111113111111311111111

. , 1111111113111111111,

131111111311111331131111,

3111111111,11111111111111111111111311113111 1111

1,1131.11,111111,1,11311“111 111111111111111111,

1.,11111111111111111111 1111111131111113311111

31131111 1111111111311111 111111111111111111

1111113111111111111111111111111116111111

11111111 11111111 111611111111311111313

111111331111111311111111111311111, 1131111 11111

11111111 1111111 1111111131 ur 031111111113111111111

11111111111111 1111118111 1111111 11 ,31111 1111311·

. 113 1111113111111131111311111111111

νσω31131111111111111111111311.1111 3111111133 31111

111 11131 1311111 1111111111113111111 1111111111 111
1111111111 1111111 33111111 111111111111111111111 1331111111,

111 111311113113111111111113111111111 1111111111

31111

 

