111 n E 11.

111111111111111111· 41 1111111111 14444
(1444114 11111 hircinae 111111
,111111114111111111111 pag. ²547
1111411 414. 44 1111111 444
1111411411111-141111111111111 4441
1111111411 1414 1111111 441
1111411111 238· 17 11111111 44, 17
Β 1111111111 444
Β14111111 444, 1111111 1 54=¹²
41411111111111111414 1111111 11444
11111 24 bam 114411
1141141111 11114 batos ³ 200.6
11111111 444 batrachion 308. 15
1111111141 44111 1111111111 5414
1114141 4444 111111 14114
11101144141144 bechion 454
1111111111 44 16 bedcguar 2 ,
,³ 11111111111111111 beben

111111 11011111 111411 111111

111111 221 15 111111
1111114111 14111 1111111111 1441
11111 111111 44815 been 1733
(Τ 1471114 ben §.15
11111 1411111 1410 111, 1111111 111 11111111
(113131 11416 pag. 243.22
· 1111

 

