DEMED 70 1111, RECENT 233

,11111111111111111111 1111111111111111111111111111111
1111111111’11111111111111111111111111111
77777'7777‘77 11111111111111111111111 777-77773777'³
11111111 1[1111111111111111111111111111 7777
1111111111111111111101111111111111111111111111 [ 771
7777777. 1¹7 7777777 1111111111 7777 1111111111, 1111111
[1111 1111111111111111111111,ςε1111111111
777 777777771777777 77777777777 11111 1111111111 777-{71
1111111111111111111111111111111,111

‘07¹' 111111 777 707777777 11111111111111111111111
1111111111 ,111111111111118

 

