”9 99 44 4 44
4444444444 4444. 444 144444444444444 Τ444444444
44444444444444444444444 44444 44444444444444444444 74, 44
4444444444· 444, 4ο 1444444444444444444 44444.
444444444444444 97. 44 444444444444444444444. 44
4444444444 9699 4444444444 4444
9999995929999 938 44 444444441 444444 4,.44
444444444444444444444444 999909999'909 444 4,
9999 44. 10 19999999991999'9 949999
44444444 444444444444444 4444444444 4444
999999999999929 44447 4444444. 4444
4444444444 44444 44444444 37· 44
99 4444444 44444444444Η444444 999999999 209913
4444 4444444 44 44 99999999 4444444 444. 7
44444444 995 8 999'sp9999'9999 44444
99191999999955 995. 9999999999999 4444
4444444444 4444444 4444 441444444444444444444444444444444
44444444444444444 4444444444 444444444444444 509 29.
U 9999. 9799 990999999999999 444
4444444444444444 99 44, 4444444 444, 4
4444444444 . 466. 444 1444νά444444 444. 29
4444444. 4444 4444444444444444 444444
9999999 444 4 99999999909999'99999999
9999199'90999'1999* 945916' pag. 39. 444
4444444444 4444 444444444444444 444. 90
WRYWUWM 3²45, 99999999199 3996. 99
³ 9999999999

 

9

