555 ’5555 55555 55555

5555555555 555555 555555 55555555 55555555555555
5555555555 5555555555555555555555555.
5555555555 5555555555 Sestianas-2 5 55
555555, 5555555 55555 555 5555 55555555 55555, 55
55555 555555555555555 55555 555555 ede, 55555
eum-2 555555555555555555 ’5555555555
555555555555555555555555 detinerer 5555555 aa
5555555555 555555 55555 5 55555555555555555 555555
5555555555555 5555551Κ 555555 55555555555555. {zi
optimi 55555555 unz-ix 5555555 55555555 55555555
55555555555555555555555555555555555,5-5.
Orci 5555555555 55555 555 5555
{W WW 05555555 5555555 5555555555 555555·’ 5555
5555 mammeam 5555555 55555 Qamcfien 555,
55555,- 5555 55555555 555555, 5555855555 55555

‘³f. «5 5555 5555555 5555555555 555α

¹ 555555 5555555555 5555555555 5555555556, ..... 55555

55555555 555 5555555555555555 5555555555555 ..-
55555555555555 5555555555 antu 5555555555 555
Qarchtdecipi untur 555 0555555 Sat 55555555
555555555555555555555555555555555

5

 

