APVD ΕΑΒ. ΕΤ,1)ΙΟΞΕ· 33³>
11111111 1111111111· 1111111111 11111111111111,
’’11111111111111111111111111110111Ξαῐῑσσ
1111111111 1111111111 11111111 (1111111111 1111111 11111 [55555s55
11111111 11111111 11111111111111111111111Ἡ111111
¹ 11111111 11111111 1111 11111111(1(1111111111
1111111111ιὲ 1111 1111 5'j·ileg 11111111 11111111
55555555535555 5'5 5555555 11111111111111111
11111111 5555555'55552& 11111111111111111111 (qui
1111111111 11111111 111111 1111111111 1111111111
1111113111 1111111111 11111111111111111111111111111
1111111 11111111 11111,11,1111111111111111111
111111111111111111111111ἶ1111111111·1
1111111111 11111111111111111111ῃ11111191111111111
11111111 1111111111,11111111111111111111111111
111111111Ν1·1,,·111111111 Ρ,11 550 5:5555'55255'55 5555555 1
1111111111111111111111111111111111111111111131114111
11111111(1111111111131111111110 5555
Ᾱ11111Πὲὒε 11111111111111111110,
1111111111 1111111111 55 1111111111 1111111111
111111111ρ111111111 11111 1111111111 1111111111· 15111
111111 11111 1111111111111111111111111111
11111 1111111011111111111111111111111111111111
· 11111111111111111111111111111111111111111111 1111111111
1111111111 11· 1111111111111111111111111111111111
5 1111111111

 

