444444444 4444.

44444444444444444, 444414· 444444 §Simplices 4444
,ἐξ 444 ,4444 4444,4 4444444η 4 (444444444444444 444 4'44
444444 44444444 4444444444 4443444444444 444444 ,44444444
4444444 444 44444 444· 44sq44444 444444 44444 444 444444 444
[4 44444444444444'4444444414'444443 444 44 4444444444 g

4444444444 44'444 4444444444 4Q444444 444 44414444 444 44 ⁴
4444444444 444 44444444444444444444 4444444444 ;

44444444 4 444fi4'444444 ·44 44444444 44444444,4444444444 ζ
444444 4 4444444444 444 4444 444 4444444444)
p44'4444 444444 44 4444444444 4444 444444· 444444 44

4444444444 44444 4444444444444444444444 4444444 44444444444444444 ⁴

44444444 44444 44444 4444444444444 4444444 4444444444 ’
44444444444444- 444 S4'44 4444444 444 4444444444444444444
4444 44444444 44444, 4444fi4444·44444444 444444444444444444'44:
44 4444444444 44444 med 444 4444444444 4444444 444»
444444444444444 44444 4 44444444444444444444444 444444
4444 44 4444444444, 4444 44444444 4444 4444 444 4444444444
44444444 4444, 444444444444444444444444444444444 ,4444

444 44444444444444, 44 44 444444444444444444444444 4444444444

444(44444444444444444444444444444444444444444

444444

 

