355 111 1111111111. 11111,

11111 11111111111111111111, 1111111111 1111111111
111111111111111111111111111,11111111111111111111,
1111111111,1111111111111, 1111111111 1111111111,
11111111111111111111111111111 131111111111111
1111111111 111111111111 555555550555555,552
1111111111111111111111111111111111,11111111111
11111111111.1111111111111111111111111111 1111111101
1111111111111111111111 1111111 1111111111 1111111111
(11111111111111111111111111111111111111111111 5555
11111111111111111111111111111111111111111111
11111 11111111111111111111111111 ,11111111111111 555
1111,1.11111111111111111ι1111111111111111111111
» 111111111111111111111111111111111111
11111111111111111,111111111111111111111111111111
111111111111111111111111111111111111111111111111 ,1111111
1111111111 1111111161111111111111111111511111111111
1111111111. 111111111111111111111111 111111111111111111
11111111111111111111111111111111111111111
11111111111111111, 111111111111111111 1111111111
11111111,1111111111111111111111111111111 1111111111
11111111111111111111111111111111111111111,
11111111111111111 (1111111111,111111111111111111,
111111 1111111 11111 557 55 11 1111111111 1111111111
1111111111 111111111111111111111111 1111111111

11111111111111111111111111 1111111ἷ11
111111,

 

