162 VVLG HERB 1101111

1111111111111111111111511111111111111111111111
11111011111111 171111·Ϊ 1111111111 1111111111
11111111 11· 1111 1111111111 (311 711111,
11111111111111111111 11111,111111111“111 0111111111
111111111111111111111111· 11111111111111111 1111,
11111111111111111111111111111111,11111111111111111
111111111111111111111 1111111111111111111111111111111
1111111111 1111111. 01111111111111111111111111111
1111111111111111111,6111111111 1111111111111111111
11·111111·1111111111111111 11111111111111111111,

01111111111111111 1111111111. 1111111111 111111111111111
Ε11111111,

11101111111111111101 111

11111131131111111111111111111 11111 1111111 1111
1111111111 1111111111 11 fist 111Ι 1111111111
1111110111111111111111111101Ἶ11111111111111111
11111111 11111 1111111111111111111111·011111111
1111111111· 111 11111 11111111111111 11111111

11111111111111111 1111111111 1111111· 1111111111111111111
1111111111· 1111111111· 1111 0111111111

1111111 1111111111 1111111111ῑ1111111111111·1111’11111111

11110111111111111111111 11 cr 1111111, lapid 1111 111111
11111111111111111111111111111

1111111111111111110111111111111 111·
111· 11111 1111111111 111111 1111111111 11111111 111
1111111101ἰέ

 

